2 2320.055
4 1193.705
6 805.281
8 747.395
10 504.482
12 684.600
14 646.072
16 557.111
18 517.993
20 463.330
22 422.229
24 489.889
2 2285.809
4 1155.420
6 861.489
8 583.983
10 496.071
12 596.627
14 657.101
16 560.840
18 506.482
20 451.556
22 422.601
24 493.334
2 2308.942
4 1216.825
6 833.097
8 685.774
10 546.233
12 449.281
14 642.087
16 561.219
18 498.595
20 462.126
22 443.843
24 709.682
2 2314.115
4 1180.512
6 793.787
8 627.106
10 610.215
12 684.236
14 657.857
16 583.722
18 513.431
20 493.145
22 479.967
24 857.964
2 2318.417
4 1219.238
6 786.014
8 585.170
10 565.931
12 562.424
14 654.985
16 585.826
18 515.776
20 465.703
22 462.304
24 1347.715
2 2375.150
4 1181.114
6 824.675
8 683.970
10 673.742
12 659.973
14 651.923
16 562.434
18 520.750
20 488.989
22 472.054
24 1743.425
