2 2341.425
4 1165.765
6 887.777
8 703.256
10 560.751
12 520.520
14 467.691
16 473.437
18 463.748
20 458.691
22 490.050
24 3727.520
2 2349.118
4 1216.872
6 911.543
8 618.110
10 522.643
12 551.046
14 513.352
16 469.677
18 457.312
20 425.500
22 440.248
24 692.853
2 2379.777
4 1186.416
6 883.461
8 602.137
10 589.199
12 538.700
14 446.092
16 456.687
18 508.955
20 445.165
22 417.036
24 1315.192
2 2408.011
4 1229.893
6 873.323
8 657.000
10 673.706
12 526.435
14 511.986
16 519.074
18 486.527
20 434.160
22 468.550
24 715.946
2 2403.706
4 1219.187
6 949.776
8 657.885
10 513.346
12 477.822
14 486.563
16 480.579
18 477.953
20 460.729
22 455.969
24 835.251
2 2391.652
4 1189.591
6 807.527
8 727.060
10 623.765
12 488.625
14 526.302
16 463.882
18 490.334
20 459.589
22 453.049
24 981.802
